v -.6 .6 .2
v -.2 .6 .2
v -.2 1 .2
v -.6 1 .2
v .2 .6 .2
v .2 1 .2
v .6 .6 .2
v .6 1 .2
v -.2 -.6 .2
v .2 -.6 .2
v -.6 -1 .2
v -.2 -1 .2
v -.6 -.6 .2
v .2 -1 .2
v .6 -1 .2
v .6 -.6 .2
v -.6 .6 -.2
v -.2 .6 -.2
v -.2 1 -.2
v -.6 1 -.2
v .2 .6 -.2
v .2 1 -.2
v .6 .6 -.2
v .6 1 -.2
v -.2 -.6 -.2
v .2 -.6 -.2
v -.6 -1 -.2
v -.2 -1 -.2
v -.6 -.6 -.2
v .2 -1 -.2
v .6 -1 -.2
v .6 -.6 -.2
f 1 2 3 4
f 2 5 6 3
f 5 7 8 6
f 9 10 5 2
f 11 12 9 13
f 12 14 10 9
f 14 15 16 10
f 20 19 18 17
f 19 22 21 18
f 22 24 23 21
f 18 21 26 25
f 29 25 28 27
f 25 26 30 28
f 26 32 31 30
f 4 3 19 20
f 3 6 22 19
f 6 8 24 22
f 17 18 2 1
f 21 23 7 5
f 13 9 25 29
f 10 16 32 26
f 12 11 27 28
f 14 12 28 30
f 15 14 30 31
f 11 13 29 27
f 16 15 31 32
f 1 4 20 17
f 8 7 23 24
f 9 2 18 25
f 5 10 26 21